1 39
99 9 42 534
185 26 536 394
153 20 532 183
197 29 184 600
159 21 390 45
407 71 45 200
439 77 200 403
518 93 406 408
421 74 340 534
51 0 545 562
476 85 526 479
201 30 622 471
117 13 475 484
536 97 624 379
339 57 417 536
432 76 677 259
83 6 117 478
338 57 405 99
266 43 64 398
236 37 333 670
381 66 604 548
544 98 619 240
513 92 240 204
227 35 99 545
115 12 552 477
327 55 477 488
547 99 450 333
406 71 333 339
342 58 338 269
244 38 202 333
273 44 331 398
274 44 398 469
541 98 470 271
500 89 269 616
125 14 617 547
89 7 547 355
387 67 600 255
2 65
67 3 240 379
94 8 552 550
135 16 625 64
315 52 99 417
289 47 484 198
180 25 58 548
317 53 478 667
335 56 673 399
428 75 44 527
475 84 492 267
543 98 269 387
258 41 390 407
417 73 337 341
399 69 522 103
305 50 138 533
237 37 390 263
93 8 407 331
281 46 263 393
481 86 468 622
487 87 621 473
150 19 479 477
535 96 337 386
90 7 565 477
442 78 411 189
459 81 117 690
173 24 616 398
333 56 468 118
441 78 115 43
68 3 44 589
408 71 625 686
521 94 686 250
3 72
56 1 37 190
73 4 118 686
222 34 691 627
101 10 382 386
105 10 386 674
458 81 602 541
311 52 467 114
484 86 121 410
506 91 340 492
482 86 424 561
424 74 561 110
434 76 110 352
200 29 250 610
425 74 543 330
251 40 334 341
96 9 338 272
284 46 201 475
492 88 480 182
429 75 112 613
184 26 56 342
526 95 412 200
471 84 199 309
224 34 342 260
410 71 334 325
359 61 319 667
176 25 562 330
249 39 400 684
461 82 685 478
215 32 621 450
453 80 520 202
329 55 102 685
264 42 691 172
405 70 172 352
268 43 247 459
4 135
114 12 341 103
132 16 102 600
385 66 631 459
398 69 386 603
108 11 603 616
403 70 546 190
104 10 541 137
316 53 207 113
287 47 116 129
212 32 272 188
388 67 121 622
395 68 692 199
427 75 201 550
225 34 619 613
81 6 614 325
106 11 468 51
534 96 51 548
444 78 520 410
386 67 417 118
277 45 54 259
294 48 334 616
509 91 616 50
473 84 48 424
485 86 285 495
328 55 635 534
175 24 536 198
366 63 62 672
504 90 673 532
539 97 495 425
71 4 425 694
449 79 659 215
5 141
84 6 107 473
210 31 405 182
6 145
7 170
77 5 128 355
86 7 462 193
234 36 264 239
171 24 243 551
326 55 589 488
259 41 625 327
503 90 468 667
348 59 676 620
489 87 624 616
462 82 617 202
511 92 340 549
82 6 408 272
146 19 169 403
505 90 335 684
414 72 686 124
186 27 123 57
219 33 56 684
493 88 686 379
397 69 412 118
532 96 42 340
347 59 275 43
324 54 43 197
438 77 336 118
313 52 51 604
98 9 462 561
343 58 527 334
291 48 404 678
149 19 607 602
498 89 673 465
165 22 463 142
242 38 211 465
166 23 466 477
194 28 544 616
496 89 618 285
8 173
9 176
10 177
11 180
52 0 320 526
119 13 634 609
143 18 608 602
246 39 536 694
255 40 695 351
12 205
13 208
91 8 272 355
217 33 182 604
196 29 676 688
139 17 686 480
109 11 478 263
190 27 263 328
322 54 254 183
193 28 43 519
241 38 627 281
14 242
112 12 313 144
216 33 74 75
248 39 40 471
323 54 403 635
231 36 600 686
164 22 692 544
456 81 551 456
296 49 71 195
525 94 193 338
304 50 480 547
128 15 617 322
54 0 322 386
416 73 421 53
59 1 58 492
514 92 352 57
75 4 266 602
15 249
80 5 40 340
181 26 621 102
235 36 138 329
356 61 324 252
402 70 252 268
260 41 408 475
144 18 473 532
151 20 609 481
364 62 479 74
530 95 71 484
177 25 592 328
134 16 398 392
107 11 322 319
546 99 320 532
240 37 462 541
542 98 635 412
141 18 278 412
443 78 379 255
158 21 256 481
344 58 551 258
517 93 258 422
379 65 250 269
362 62 268 266
363 62 266 494
375 64 463 182
437 77 114 344
88 7 379 67
208 31 103 351
390 67 387 600
490 87 597 188
309 51 117 386
16 274
63 2 130 683
187 27 686 478
157 21 621 352
70 3 319 263
183 26 270 592
286 47 663 325
497 89 324 183
470 83 179 194
64 2 191 479
232 36 625 546
130 15 473 265
376 65 195 256
87 7 326 125
213 32 120 680
371 64 663 172
161 22 379 119
221 34 329 246
346 59 211 681
160 21 613 49
533 96 120 125
250 39 335 608
422 74 538 453
182 26 488 608
467 83 468 589
147 19 589 45
510 91 45 285
545 98 215 484
349 59 522 64
420 73 103 255
17 277
18 282
19 284
58 1 285 269
172 24 169 539
85 6 541 43
252 40 46 464
211 32 394 674
278 45 674 340
483 86 342 392
179 25 392 142
400 69 112 414
548 99 624 100
162 22 132 450
529 95 695 466
312 52 465 142
516 93 258 410
465 82 622 619
415 72 479 522
204 30 382 182
133 16 214 47
257 41 49 189
361 62 258 605
152 20 565 110
334 56 182 688
301 50 686 198
145 18 269 600
129 15 464 547
515 92 546 183
214 32 185 189
474 84 189 488
413 72 660 540
288 47 468 681
20 312
21 316
22 317
23 345
103 10 695 387
100 9 422 529
256 41 492 603
124 14 608 592
299 49 592 137
282 46 278 691
292 48 618 187
60 1 257 526
307 51 351 36
451 80 36 56
411 72 55 336
92 8 339 195
440 77 335 49
460 81 48 190
126 15 121 677
507 91 676 492
450 79 670 309
531 96 61 351
378 65 421 456
263 42 492 265
267 43 404 59
330 55 61 400
396 69 468 100
337 57 172 540
280 45 471 110
368 63 112 597
370 63 527 481
384 66 482 285
230 35 250 269
178 25 128 325
24 347
62 2 341 386
25 348
26 354
95 8 320 681
203 30 680 470
102 10 537 191
61 2 51 199
293 48 131 137
300 49 102 200
245 38 195 406
229 35 408 331
72 4 400 64
320 53 342 195
223 34 197 632
228 35 632 466
550 99 535 326
412 72 327 460
455 80 425 112
270 43 185 202
170 23 130 252
452 80 183 634
285 46 424 614
310 51 547 592
191 28 695 533
78 5 533 102
192 28 417 541
340 57 608 247
477 85 247 691
352 60 692 54
508 91 57 74
372 64 37 622
27 380
76 5 342 532
198 29 460 681
53 0 541 267
276 45 60 683
195 28 680 74
488 87 106 256
431 76 254 466
446 79 464 414
122 14 450 121
269 43 46 520
209 31 519 552
527 95 621 42
454 80 113 463
116 13 460 123
380 65 46 275
538 97 310 546
331 56 689 535
148 19 537 198
295 48 408 609
319 53 614 322
389 67 465 187
345 58 189 351
308 51 247 408
430 75 412 127
332 56 59 114
360 61 183 36
478 85 36 546
243 38 478 144
28 383
29 415
30 449
31 452
32 457
33 485
34 487
35 491
36 523
110 11 453 599
262 42 600 480
365 62 519 631
37 530
38 554
123 14 660 611
97 9 681 328
74 4 403 691
354 60 690 71
520 93 71 214
167 23 211 182
409 71 323 526
418 73 459 324
207 31 320 476
350 59 550 453
528 95 418 134
298 49 103 187
436 77 118 609
69 3 544 410
404 70 480 386
374 64 562 618
118 13 687 610
537 97 610 60
494 88 130 522
501 90 519 689
394 68 621 688
426 75 688 424
502 90 250 672
199 29 673 129
383 66 99 186
401 70 117 48
336 57 51 55
392 68 54 417
447 79 418 187
138 17 187 392
169 23 535 329
479 85 400 142
522 94 107 404
55 0 405 540
39 555
66 3 551 239
120 13 342 57
188 27 57 470
290 47 400 677
283 46 607 195
233 36 125 270
238 37 269 590
131 16 695 403
247 39 338 526
136 17 422 392
272 44 466 271
265 42 410 61
469 83 60 125
325 54 126 479
463 82 339 113
318 53 36 463
393 68 397 36
377 65 250 339
457 81 339 548
351 60 659 462
445 78 604 534
540 97 535 183
523 94 390 188
113 12 256 471
297 49 622 678
137 17 677 393
464 82 534 129
154 20 59 425
303 50 390 417
155 20 592 599
519 93 600 386
40 557
41 558
42 564
43 593
44 596
57 1 597 123
168 23 53 113
271 44 109 271
433 76 239 551
127 15 621 64
140 17 60 53
275 44 54 534
448 79 536 329
79 5 324 202
435 76 199 379
253 40 414 121
486 87 119 616
495 88 337 107
321 54 214 62
202 30 100 459
419 73 534 117
423 74 187 130
524 94 132 325
468 83 677 544
189 27 544 417
357 61 275 495
279 45 390 389
163 22 352 589
480 85 624 551
341 58 622 333
512 92 405 48
121 14 48 252
156 21 253 188
306 51 188 688
174 24 688 396
45 628
46 662
47 666
48 669
49 697
50 698
65 2 550 537
111 12 672 545
261 42 627 272
373 64 270 338
367 63 406 195
391 68 194 613
220 33 660 319
314 52 323 198
491 88 193 272
549 99 204 617
205 30 625 257
382 66 256 59
353 60 60 127
499 89 269 183
369 63 115 325
254 40 193 379
142 18 627 263
226 35 134 188
239 37 328 609
302 50 681 120
358 61 123 37
206 31 40 313
466 83 414 114
218 33 112 561
472 84 632 121
355 60 125 675
