1 171
52 4 142 77
179 16 16 291
147 13 293 203
85 7 262 233
95 8 269 23
371 36 15 139
150 13 107 132
90 7 198 109
298 28 168 29
297 28 63 227
69 5 203 107
273 26 12 250
293 28 194 43
237 22 14 104
217 20 10 72
234 22 162 195
233 22 135 162
238 22 282 143
403 39 150 100
269 25 42 152
436 42 216 204
134 12 295 160
419 40 42 297
26 1 237 91
192 18 269 232
461 45 213 296
453 44 293 150
51 4 116 149
334 32 240 263
137 12 244 132
205 19 77 169
366 35 136 142
333 32 114 141
56 4 141 116
184 17 145 105
434 42 72 209
331 32 277 63
402 39 174 72
20 0 102 216
239 22 155 154
430 41 64 76
122 11 56 183
413 40 214 84
204 19 84 136
227 21 167 19
144 13 16 145
498 48 122 232
25 1 236 224
428 41 285 230
310 29 236 184
390 37 175 51
138 12 52 129
316 30 128 97
445 43 120 212
171 16 158 282
392 38 285 104
24 1 74 204
287 27 202 209
80 6 145 17
253 24 55 58
260 24 31 82
399 38 82 166
15 0 168 227
408 39 223 133
94 8 162 156
506 49 125 219
46 3 188 75
485 47 75 141
42 3 171 116
280 26 145 77
241 23 107 157
2 206
201 19 270 119
190 17 96 113
423 41 142 38
230 21 68 84
489 47 301 192
406 39 190 176
121 11 150 44
43 3 42 203
381 37 143 221
108 9 224 80
23 1 54 290
261 25 293 80
344 33 207 120
480 46 26 89
123 11 148 242
161 15 267 197
279 26 259 126
231 22 35 115
395 38 81 150
83 7 276 257
111 10 255 206
259 24 244 58
488 47 178 57
473 46 92 85
27 1 92 150
48 3 150 24
275 26 29 177
359 34 215 32
101 9 118 175
486 47 175 82
313 30 20 51
100 8 20 13
296 28 12 15
305 29 72 147
338 32 179 185
437 42 95 298
508 49 268 30
429 41 20 49
193 18 49 114
242 23 118 298
78 6 294 256
57 4 289 132
476 46 103 173
74 6 144 32
132 12 62 226
447 43 266 198
469 45 261 11
118 10 101 206
425 41 267 264
87 7 266 23
290 27 21 164
439 42 164 60
93 8 89 8
491 48 21 147
191 18 247 293
481 47 293 96
339 32 96 113
460 44 113 261
120 10 258 10
3 213
151 14 301 220
306 29 87 289
409 39 275 90
55 4 125 289
63 5 301 153
281 27 89 22
311 30 275 188
28 1 5 242
404 39 214 173
189 17 171 135
61 5 151 152
474 46 148 17
285 27 50 204
105 9 113 247
303 29 217 137
196 18 136 279
112 10 241 36
410 39 279 121
203 19 203 61
438 42 0 232
283 27 166 274
330 31 217 206
264 25 205 233
456 44 263 120
482 47 34 167
465 45 138 291
246 23 277 129
282 27 99 66
389 37 37 258
84 7 254 244
219 20 269 131
167 15 125 201
277 26 203 278
427 41 194 242
314 30 297 26
208 19 2 197
501 49 196 115
198 18 113 243
317 30 117 212
435 42 210 111
377 36 140 144
213 20 176 46
183 17 79 272
4 313
17 0 245 47
342 33 101 19
114 10 19 182
218 20 155 170
36 2 145 219
32 2 164 23
195 18 59 133
495 48 140 152
432 42 272 46
266 25 71 295
185 17 264 258
385 37 229 134
324 31 204 27
166 15 2 123
107 9 242 6
367 35 6 82
140 12 18 234
141 13 266 31
289 27 31 292
416 40 237 185
500 48 222 66
177 16 65 250
353 34 161 0
178 16 37 239
160 14 96 256
250 23 164 285
308 29 284 265
165 15 269 102
39 2 128 84
393 38 91 237
309 29 215 23
468 45 17 27
361 35 42 9
397 38 39 146
346 33 177 43
323 31 110 211
58 4 188 239
345 33 271 186
197 18 155 107
503 49 113 153
248 23 194 289
262 25 289 45
236 22 20 290
224 21 298 63
131 12 93 237
11 0 231 240
458 44 281 191
181 17 133 94
268 25 95 171
220 20 171 200
41 3 259 129
5 348
73 6 101 197
29 1 230 173
421 41 292 203
130 11 54 97
127 11 87 65
411 40 0 16
148 13 17 196
104 9 198 219
464 45 281 219
206 19 223 300
355 34 299 81
509 49 85 262
270 25 233 244
354 34 266 295
417 40 142 234
327 31 169 77
86 7 46 285
156 14 284 295
207 19 141 216
126 11 192 202
291 28 296 222
441 43 194 267
487 47 266 3
153 14 4 213
387 37 83 236
504 49 264 92
357 34 175 43
470 45 6 120
442 43 181 239
384 37 239 36
113 10 219 66
477 46 103 180
356 34 194 30
258 24 32 70
348 33 46 267
252 24 263 70
401 39 40 4
388 37 5 217
335 32 189 65
174 16 68 72
199 18 132 255
497 48 256 20
226 21 23 162
33 2 43 293
159 14 281 53
343 33 29 69
44 3 34 198
472 46 168 9
446 43 44 261
304 29 237 103
490 47 26 208
22 1 144 152
415 40 182 37
329 31 40 129
340 32 7 117
6 384
276 26 86 38
332 32 1 267
257 24 267 286
271 26 193 39
284 27 4 79
307 29 117 4
21 1 12 81
336 32 77 101
40 2 2 143
182 17 298 270
102 9 270 107
106 9 62 166
251 24 167 286
155 14 288 27
337 32 96 142
426 41 176 39
89 7 190 233
88 7 262 126
383 37 70 54
117 10 266 148
96 8 180 156
200 18 188 228
45 3 228 4
414 40 38 189
505 49 90 208
440 42 268 237
325 31 213 271
222 21 247 205
478 46 169 171
210 19 138 254
129 11 222 133
77 6 200 208
302 29 141 113
365 35 63 148
462 45 96 280
145 13 223 158
139 12 156 60
16 0 1 73
154 14 230 261
215 20 301 147
31 2 182 300
124 11 299 230
170 15 168 65
229 21 7 214
452 44 205 65
318 30 47 1
256 24 26 77
249 23 208 80
407 39 178 70
431 42 81 121
225 21 173 21
7 493
142 13 209 254
209 19 164 291
312 30 299 14
352 34 14 177
373 36 276 227
475 46 232 66
412 40 66 273
295 28 281 163
294 28 65 295
175 16 266 183
459 44 113 66
315 30 49 283
467 45 284 210
228 21 95 186
288 27 274 221
341 33 250 234
70 5 184 246
216 20 210 249
502 49 274 175
115 10 244 246
240 22 197 36
247 23 41 53
49 3 233 149
369 35 127 216
376 36 179 13
494 48 12 234
149 13 230 177
82 7 183 46
493 48 45 49
173 16 45 288
99 8 293 205
286 27 242 209
299 28 177 223
510 49 222 130
274 26 127 80
398 38 139 43
370 35 137 129
424 41 221 53
19 0 18 210
158 14 187 289
374 36 293 48
326 31 22 280
418 40 248 228
64 5 228 58
54 4 238 236
75 6 238 202
211 20 137 144
466 45 143 210
98 8 70 156
188 17 272 192
13 0 228 111
484 47 56 129
319 30 124 278
8 523
92 8 31 247
125 11 189 60
358 34 152 249
300 28 254 95
60 4 180 218
136 12 240 134
37 2 52 149
65 5 152 282
349 33 191 70
235 22 14 221
68 5 249 261
347 33 247 100
492 48 3 143
455 44 140 34
396 38 43 255
109 9 253 248
272 26 191 60
267 25 147 0
59 4 3 221
243 23 253 77
187 17 29 231
53 4 170 135
157 14 67 247
450 43 245 71
372 36 131 187
479 46 247 152
202 19 87 191
62 5 224 74
451 44 75 116
244 23 83 200
254 24 137 261
133 12 261 162
103 9 254 248
223 21 210 109
471 46 143 235
180 16 276 124
47 3 130 49
454 44 54 215
72 6 123 61
116 10 98 71
146 13 47 17
194 18 108 91
91 8 301 166
34 2 166 298
368 35 269 293
363 35 232 73
35 2 110 248
278 26 0 189
76 6 187 47
380 36 32 100
214 20 75 150
255 24 171 255
463 45 194 278
448 43 33 101
212 20 7 190
9 629
10 664
128 11 13 38
360 34 37 176
443 43 145 156
362 35 97 112
186 17 57 71
433 42 9 181
263 25 155 177
265 25 59 220
382 37 225 184
152 14 177 228
364 35 205 152
245 23 181 259
422 41 262 84
168 15 32 147
350 33 153 247
499 48 212 182
232 22 192 115
375 36 204 215
221 21 270 116
322 31 112 110
351 34 76 258
163 15 288 196
379 36 221 42
81 7 9 97
483 47 155 71
18 0 120 113
143 13 114 244
496 48 268 150
164 15 151 65
391 38 99 192
97 8 285 157
71 6 280 231
386 37 295 181
14 0 126 152
119 10 155 6
320 30 66 0
176 16 27 28
394 38 36 148
30 1 124 107
321 31 103 251
79 6 273 255
405 39 250 221
67 5 126 124
12 0 125 216
38 2 220 31
507 49 183 136
135 12 223 80
162 15 30 186
378 36 186 128
457 44 128 66
328 31 37 245
50 3 241 202
110 9 204 202
169 15 213 238
449 43 268 261
301 29 267 136
400 38 138 10
420 40 9 73
66 5 194 12
444 43 46 173
172 16 116 71
292 28 19 39
