0
219
494
21
428
391
465
198
310
457
305
149
278
61
358
332
12
309
351
389
185
316
128
495
116
479
239
166
95
272
240
44
137
81
16
471
4
214
264
3
308
127
257
107
249
461
168
19
175
271
244
105
146
265
28
466
178
380
462
437
1
419
42
315
170
9
62
263
160
451
8
401
165
199
89
36
328
1
174
323
445
364
181
229
352
246
130
115
66
275
259
2
150
18
416
101
53
76
241
99
125
192
436
190
430
374
282
452
421
143
373
34
353
84
293
138
15
438
2
153
182
338
318
488
45
136
412
269
145
329
427
54
172
205
13
386
409
20
267
284
236
397
186
363
228
57
162
77
60
251
252
482
388
396
48
10
347
444
322
122
367
307
187
114
37
63
378
306
408
424
417
212
312
227
481
289
144
193
317
450
434
431
413
336
6
29
327
453
97
197
152
69
11
258
292
366
224
410
218
226
492
297
25
202
390
32
472
402
489
433
298
395
158
448
468
384
123
385
458
376
335
425
406
78
173
35
422
94
207
232
477
47
411
330
233
148
92
348
3
290
33
80
204
399
301
68
478
169
113
398
4
476
5
17
6
