1 135
233 0 135 162
501 0 196 115
333 0 114 141
466 0 143 210
58 0 188 239
345 0 271 186
319 0 124 278
479 0 247 152
197 0 155 107
150 0 107 132
366 0 136 142
207 0 141 216
384 0 239 36
438 0 0 232
49 0 233 149
112 0 241 36
44 0 34 198
170 0 168 65
389 0 37 258
374 0 293 48
138 0 52 129
39 0 128 84
253 0 55 58
195 0 59 133
199 0 132 255
66 0 194 12
21 0 12 81
100 0 20 13
214 0 75 150
61 0 151 152
31 0 182 300
151 0 301 220
38 0 220 31
276 0 86 38
67 0 126 124
474 0 148 17
454 0 54 215
102 0 270 107
196 0 136 279
497 0 256 20
186 0 57 71
166 0 2 123
82 0 183 46
444 0 46 173
504 0 264 92
498 0 122 232
324 0 204 27
93 0 89 8
340 0 7 117
299 0 177 223
408 0 223 133
443 0 145 156
76 0 187 47
315 0 49 283
2 170
377 0 140 144
80 0 145 17
144 0 16 145
280 0 145 77
451 0 75 116
204 0 84 136
465 0 138 291
41 0 259 129
362 0 97 112
35 0 110 248
191 0 247 293
83 0 276 257
262 0 289 45
360 0 37 176
169 0 213 238
115 0 244 246
65 0 152 282
467 0 284 210
330 0 217 206
175 0 266 183
215 0 301 147
12 0 125 216
223 0 210 109
423 0 142 38
401 0 40 4
470 0 6 120
18 0 120 113
459 0 113 66
174 0 68 72
434 0 72 209
331 0 277 63
213 0 176 46
173 0 45 288
279 0 259 126
139 0 156 60
208 0 2 197
227 0 167 19
491 0 21 147
268 0 95 171
69 0 203 107
254 0 137 261
133 0 261 162
298 0 168 29
484 0 56 129
321 0 103 251
108 0 224 80
509 0 85 262
449 0 268 261
99 0 293 205
452 0 205 65
157 0 67 247
222 0 247 205
42 0 171 116
51 0 116 149
30 0 124 107
485 0 75 141
400 0 138 10
352 0 14 177
95 0 269 23
92 0 31 247
68 0 249 261
363 0 232 73
493 0 45 49
148 0 17 196
209 0 164 291
78 0 294 256
441 0 194 267
489 0 301 192
427 0 194 242
368 0 269 293
257 0 267 286
428 0 285 230
149 0 230 177
359 0 215 32
72 0 123 61
231 0 35 115
22 0 144 152
436 0 216 204
447 0 266 198
255 0 171 255
45 0 228 4
28 0 5 242
91 0 301 166
77 0 200 208
344 0 207 120
274 0 127 80
23 0 54 290
475 0 232 66
294 0 65 295
201 0 270 119
202 0 87 191
89 0 190 233
364 0 205 152
3 177
249 0 208 80
105 0 113 247
158 0 187 289
156 0 284 295
141 0 266 31
260 0 31 82
130 0 54 97
457 0 128 66
116 0 98 71
305 0 72 147
338 0 179 185
376 0 179 13
217 0 10 72
351 0 76 258
252 0 263 70
342 0 101 19
317 0 117 212
382 0 225 184
70 0 184 246
111 0 255 206
165 0 269 102
477 0 103 180
96 0 180 156
414 0 38 189
356 0 194 30
343 0 29 69
43 0 42 203
417 0 142 234
54 0 238 236
310 0 236 184
152 0 177 228
13 0 228 111
210 0 138 254
469 0 261 11
237 0 14 104
476 0 103 173
224 0 298 63
307 0 117 4
153 0 4 213
461 0 213 296
425 0 267 264
487 0 266 3
388 0 5 217
216 0 210 249
341 0 250 234
314 0 297 26
16 0 1 73
128 0 13 38
320 0 66 0
490 0 26 208
404 0 214 173
402 0 174 72
336 0 77 101
230 0 68 84
74 0 144 32
380 0 32 100
20 0 102 216
435 0 210 111
277 0 203 278
464 0 281 219
271 0 193 39
329 0 40 129
316 0 128 97
506 0 125 219
379 0 221 42
229 0 7 214
496 0 268 150
164 0 151 65
430 0 64 76
318 0 47 1
482 0 34 167
478 0 169 171
471 0 143 235
26 0 237 91
473 0 92 85
365 0 63 148
239 0 155 154
245 0 181 259
120 0 258 10
492 0 3 143
36 0 145 219
167 0 125 201
161 0 267 197
34 0 166 298
124 0 299 230
270 0 233 244
180 0 276 124
339 0 96 113
140 0 18 234
422 0 262 84
390 0 175 51
326 0 22 280
97 0 285 157
59 0 3 221
405 0 250 221
500 0 222 66
505 0 90 208
507 0 183 136
370 0 137 129
181 0 133 94
306 0 87 289
386 0 295 181
347 0 247 100
177 0 65 250
206 0 223 300
311 0 275 188
190 0 96 113
409 0 275 90
281 0 89 22
101 0 118 175
325 0 213 271
410 0 279 121
19 0 18 210
4 277
221 0 270 116
122 0 56 183
346 0 177 43
296 0 12 15
429 0 20 49
193 0 49 114
198 0 113 243
219 0 269 131
367 0 6 82
431 0 81 121
48 0 150 24
289 0 31 292
182 0 298 270
192 0 269 232
354 0 266 295
291 0 296 222
510 0 222 130
94 0 162 156
171 0 158 282
109 0 253 248
295 0 281 163
118 0 101 206
381 0 143 221
303 0 217 137
11 0 231 240
136 0 240 134
398 0 139 43
86 0 46 285
134 0 295 160
463 0 194 278
79 0 273 255
84 0 254 244
286 0 242 209
142 0 209 254
308 0 284 265
75 0 238 202
327 0 169 77
205 0 77 169
53 0 170 135
211 0 137 144
184 0 145 105
194 0 108 91
27 0 92 150
309 0 215 23
187 0 29 231
29 0 230 173
225 0 173 21
387 0 83 236
25 0 236 224
243 0 253 77
297 0 63 227
481 0 293 96
397 0 39 146
488 0 178 57
106 0 62 166
283 0 166 274
288 0 274 221
418 0 248 228
154 0 230 261
301 0 267 136
472 0 168 9
81 0 9 97
282 0 99 66
247 0 41 53
468 0 17 27
284 0 4 79
399 0 82 166
15 0 168 227
90 0 198 109
241 0 107 157
234 0 162 195
248 0 194 289
163 0 288 196
104 0 198 219
145 0 223 158
406 0 190 176
486 0 175 82
132 0 62 226
103 0 254 248
238 0 282 143
393 0 91 237
416 0 237 185
499 0 212 182
350 0 153 247
188 0 272 192
126 0 192 202
375 0 204 215
413 0 214 84
242 0 118 298
312 0 299 14
371 0 15 139
322 0 112 110
395 0 81 150
426 0 176 39
433 0 9 181
125 0 189 60
480 0 26 89
337 0 96 142
52 0 142 77
285 0 50 204
203 0 203 61
40 0 2 143
143 0 114 244
259 0 244 58
168 0 32 147
437 0 95 298
63 0 301 153
119 0 155 6
269 0 42 152
123 0 148 242
246 0 277 129
349 0 191 70
212 0 7 190
272 0 191 60
332 0 1 267
117 0 266 148
267 0 147 0
411 0 0 16
114 0 19 182
263 0 155 177
121 0 150 44
183 0 79 272
432 0 272 46
446 0 44 261
107 0 242 6
5 312
176 0 27 28
394 0 36 148
228 0 95 186
442 0 181 239
450 0 245 71
266 0 71 295
147 0 293 203
56 0 141 116
131 0 93 237
87 0 266 23
236 0 20 290
261 0 293 80
503 0 113 153
60 0 180 218
378 0 186 128
369 0 127 216
358 0 152 249
159 0 281 53
313 0 20 51
37 0 52 149
483 0 155 71
98 0 70 156
353 0 161 0
448 0 33 101
372 0 131 187
46 0 188 75
235 0 14 221
62 0 224 74
348 0 46 267
508 0 268 30
275 0 29 177
407 0 178 70
420 0 9 73
273 0 12 250
232 0 192 115
172 0 116 71
33 0 43 293
185 0 264 258
57 0 289 132
47 0 130 49
292 0 19 39
361 0 42 9
494 0 12 234
189 0 171 135
455 0 140 34
256 0 26 77
258 0 32 70
24 0 74 204
110 0 204 202
220 0 171 200
251 0 167 286
71 0 280 231
453 0 293 150
373 0 276 227
64 0 228 58
265 0 59 220
335 0 189 65
462 0 96 280
458 0 281 191
200 0 188 228
240 0 197 36
412 0 66 273
17 0 245 47
146 0 47 17
179 0 16 291
421 0 292 203
302 0 141 113
460 0 113 261
88 0 262 126
14 0 126 152
218 0 155 170
403 0 150 100
391 0 99 192
129 0 222 133
439 0 164 60
127 0 87 65
160 0 96 256
385 0 229 134
250 0 164 285
392 0 285 104
73 0 101 197
32 0 164 23
162 0 30 186
50 0 241 202
287 0 202 209
137 0 244 132
293 0 194 43
419 0 42 297
355 0 299 81
244 0 83 200
264 0 205 233
85 0 262 233
456 0 263 120
445 0 120 212
415 0 182 37
178 0 37 239
334 0 240 263
440 0 268 237
304 0 237 103
383 0 70 54
226 0 23 162
135 0 223 80
323 0 110 211
113 0 219 66
328 0 37 245
502 0 274 175
357 0 175 43
396 0 43 255
300 0 254 95
55 0 125 289
155 0 288 27
278 0 0 189
424 0 221 53
290 0 21 164
495 0 140 152
6 348
7 457
8 487
9 593
10 628
