1 171
23 12 54 290
42 31 171 116
36 25 145 219
13 2 228 111
51 40 116 149
55 44 125 289
163 152 288 196
94 83 162 156
177 166 65 250
45 34 228 4
43 32 42 203
85 74 262 233
88 77 262 126
67 56 126 124
30 19 124 107
90 79 198 109
333 322 114 141
56 45 141 116
48 37 150 24
95 84 269 23
244 233 83 200
421 410 292 203
375 364 204 215
201 190 270 119
127 116 87 65
116 105 98 71
336 325 77 101
118 107 101 206
447 436 266 198
69 58 203 107
366 355 136 142
74 63 144 32
168 157 32 147
369 358 127 216
464 453 281 219
373 362 276 227
154 143 230 261
504 493 264 92
473 462 92 85
393 382 91 237
175 164 266 183
309 298 215 23
471 460 143 235
111 100 255 206
25 14 236 224
432 421 272 46
155 144 288 27
176 165 27 28
171 160 158 282
159 148 281 53
431 420 81 121
317 306 117 212
200 189 188 228
475 464 232 66
505 494 90 208
461 450 213 296
151 140 301 220
487 476 266 3
493 482 45 49
454 443 54 215
169 158 213 238
54 43 238 236
11 0 231 240
330 319 217 206
344 333 207 120
445 434 120 212
76 65 187 47
383 372 70 54
186 175 57 71
150 139 107 132
181 170 133 94
362 351 97 112
484 473 56 129
39 28 128 84
326 315 22 280
262 251 289 45
210 199 138 254
469 458 261 11
296 285 12 15
226 215 23 162
377 366 140 144
183 172 79 272
188 177 272 192
89 78 190 233
422 411 262 84
290 279 21 164
232 221 192 115
407 396 178 70
130 119 54 97
361 350 42 9
433 422 9 181
376 365 179 13
235 224 14 221
68 57 249 261
279 268 259 126
14 3 126 152
31 20 182 300
368 357 269 293
261 250 293 80
179 168 16 291
147 136 293 203
87 76 266 23
162 151 30 186
197 186 155 107
227 216 167 19
114 103 19 182
339 328 96 113
466 455 143 210
350 339 153 247
347 336 247 100
160 149 96 256
405 394 250 221
18 7 120 113
292 281 19 39
401 390 40 4
492 481 3 143
503 492 113 153
139 128 156 60
332 321 1 267
219 208 269 131
2 206
26 15 237 91
62 51 224 74
17 6 245 47
29 18 230 173
86 75 46 285
125 114 189 60
123 112 148 242
84 73 254 244
103 92 254 248
191 180 247 293
120 109 258 10
392 381 285 104
208 197 2 197
346 335 177 43
306 295 87 289
408 397 223 133
371 360 15 139
140 129 18 234
134 123 295 160
49 38 233 149
101 90 118 175
254 243 137 261
228 217 95 186
129 118 222 133
402 391 174 72
91 80 301 166
271 260 193 39
170 159 168 65
403 392 150 100
164 153 151 65
441 430 194 267
413 402 214 84
364 353 205 152
450 439 245 71
256 245 26 77
182 171 298 270
501 490 196 115
398 387 139 43
419 408 42 297
71 60 280 231
218 207 155 170
442 431 181 239
105 94 113 247
491 480 21 147
483 472 155 71
380 369 32 100
385 374 229 134
252 241 263 70
477 466 103 180
96 85 180 156
220 209 171 200
283 272 166 274
474 463 148 17
33 22 43 293
119 108 155 6
278 267 0 189
320 309 66 0
255 244 171 255
270 259 233 244
286 275 242 209
72 61 123 61
284 273 4 79
224 213 298 63
124 113 299 230
428 417 285 230
395 384 81 150
52 41 142 77
468 457 17 27
438 427 0 232
272 261 191 60
174 163 68 72
351 340 76 258
311 300 275 188
178 167 37 239
435 424 210 111
19 8 18 210
457 446 128 66
253 242 55 58
264 253 205 233
32 21 164 23
110 99 204 202
485 474 75 141
430 419 64 76
237 226 14 104
3 213
215 204 301 147
508 497 268 30
389 378 37 258
409 398 275 90
265 254 59 220
233 222 135 162
61 50 151 152
299 288 177 223
206 195 223 300
37 26 52 149
222 211 247 205
291 280 296 222
294 283 65 295
355 344 299 81
198 187 113 243
455 444 140 34
427 416 194 242
213 202 176 46
79 68 273 255
499 488 212 182
363 352 232 73
338 327 179 185
267 256 147 0
425 414 267 264
184 173 145 105
53 42 170 135
437 426 95 298
112 101 241 36
472 461 168 9
4 313
489 478 301 192
359 348 215 32
20 9 102 216
144 133 16 145
391 380 99 192
411 400 0 16
509 498 85 262
258 247 32 70
5 348
60 49 180 218
502 491 274 175
6 384
221 210 270 116
497 486 256 20
214 203 75 150
434 423 72 209
276 265 86 38
313 302 20 51
275 264 29 177
324 313 204 27
157 146 67 247
510 499 222 130
7 493
21 10 12 81
75 64 238 202
81 70 9 97
149 138 230 177
236 225 20 290
319 308 124 278
78 67 294 256
152 141 177 228
158 147 187 289
476 465 103 173
417 406 142 234
318 307 47 1
145 134 223 158
133 122 261 162
50 39 241 202
412 401 66 273
288 277 274 221
301 290 267 136
480 469 26 89
38 27 220 31
242 231 118 298
185 174 264 258
390 379 175 51
298 287 168 29
486 475 175 82
268 257 95 171
459 448 113 66
328 317 37 245
335 324 189 65
251 240 167 286
334 323 240 263
263 252 155 177
452 441 205 65
230 219 68 84
28 17 5 242
83 72 276 257
205 194 77 169
122 111 56 183
203 192 203 61
202 191 87 191
109 98 253 248
193 182 49 114
399 388 82 166
47 36 130 49
40 29 2 143
300 289 254 95
316 305 128 97
360 349 37 176
132 121 62 226
107 96 242 6
190 179 96 113
381 370 143 221
257 246 267 286
349 338 191 70
446 435 44 261
199 188 132 255
322 311 112 110
426 415 176 39
490 479 26 208
131 120 93 237
348 337 46 267
58 47 188 239
418 407 248 228
453 442 293 150
415 404 182 37
146 135 47 17
482 471 34 167
410 399 279 121
287 276 202 209
245 234 181 259
440 429 268 237
180 169 276 124
126 115 192 202
481 470 293 96
65 54 152 282
478 467 169 171
357 346 175 43
153 142 4 213
192 181 269 232
211 200 137 144
98 87 70 156
8 523
241 230 107 157
436 425 216 204
467 456 284 210
463 452 194 278
238 227 282 143
280 269 145 77
396 385 43 255
470 459 6 120
115 104 244 246
379 368 221 42
34 23 166 298
449 438 268 261
9 629
59 48 3 221
308 297 284 265
277 266 203 278
370 359 137 129
340 329 7 117
444 433 46 173
113 102 219 66
365 354 63 148
273 262 12 250
388 377 5 217
424 413 221 53
465 454 138 291
305 294 72 147
229 218 7 214
204 193 84 136
136 125 240 134
281 270 89 22
35 24 110 248
382 371 225 184
22 11 144 152
172 161 116 71
141 130 266 31
289 278 31 292
507 496 183 136
458 447 281 191
414 403 38 189
223 212 210 109
494 483 12 234
423 412 142 38
462 451 96 280
337 326 96 142
216 205 210 249
496 485 268 150
295 284 281 163
443 432 145 156
323 312 110 211
243 232 253 77
260 249 31 82
321 310 103 251
345 334 271 186
356 345 194 30
329 318 40 129
161 150 267 197
358 347 152 249
400 389 138 10
212 201 7 190
196 185 136 279
416 405 237 185
195 184 59 133
247 236 41 53
97 86 285 157
282 271 99 66
374 363 293 48
315 304 49 283
156 145 284 295
331 320 277 63
142 131 209 254
108 97 224 80
250 239 164 285
137 126 244 132
397 386 39 146
341 330 250 234
353 342 161 0
12 1 125 216
209 198 164 291
246 235 277 129
240 229 197 36
189 178 171 135
57 46 289 132
66 55 194 12
10 664
63 52 301 153
16 5 1 73
64 53 228 58
187 176 29 231
207 196 141 216
269 258 42 152
259 248 244 58
343 332 29 69
307 296 117 4
378 367 186 128
27 16 92 150
106 95 62 166
77 66 200 208
82 71 183 46
387 376 83 236
342 331 101 19
274 263 127 80
394 383 36 148
495 484 140 152
488 477 178 57
128 117 13 38
231 220 35 115
420 409 9 73
167 156 125 201
93 82 89 8
429 418 20 49
44 33 34 198
500 489 222 66
24 13 74 204
312 301 299 14
117 106 266 148
372 361 131 187
303 292 217 137
354 343 266 295
310 299 236 184
143 132 114 244
325 314 213 271
406 395 190 176
138 127 52 129
165 154 269 102
297 286 63 227
266 255 71 295
304 293 237 103
217 206 10 72
135 124 223 80
285 274 50 204
302 291 141 113
102 91 270 107
506 495 125 219
46 35 188 75
92 81 31 247
121 110 150 44
166 155 2 123
70 59 184 246
367 356 6 82
404 393 214 173
451 440 75 116
80 69 145 17
73 62 101 197
194 183 108 91
498 487 122 232
352 341 14 177
293 282 194 43
173 162 45 288
99 88 293 205
100 89 20 13
327 316 169 77
15 4 168 227
314 303 297 26
448 437 33 101
234 223 162 195
456 445 263 120
439 428 164 60
148 137 17 196
479 468 247 152
239 228 155 154
248 237 194 289
41 30 259 129
460 449 113 261
249 238 208 80
225 214 173 21
386 375 295 181
104 93 198 219
384 373 239 36
