1 171
40 19 124 107
70 49 180 218
89 68 273 255
78 57 249 261
95 74 262 233
85 64 238 202
100 79 198 109
162 141 177 228
109 88 293 205
120 99 204 202
25 4 168 227
39 18 230 173
64 43 238 236
165 144 288 27
284 263 127 80
282 261 191 60
212 191 87 191
376 355 136 142
63 42 170 135
244 223 162 195
195 174 264 258
164 143 230 261
262 241 263 70
91 70 9 97
278 257 95 171
488 467 169 171
301 280 296 222
388 367 186 128
184 163 68 72
411 390 40 4
294 273 4 79
495 474 75 141
297 276 202 209
256 235 277 129
480 459 6 120
264 243 137 261
192 171 298 270
450 429 268 237
2 181
24 3 126 152
53 32 42 203
47 26 52 149
99 78 190 233
73 52 301 153
146 125 240 134
190 169 276 124
177 156 125 201
260 239 164 285
107 86 285 157
222 201 7 190
344 323 240 263
171 150 267 197
213 192 203 61
266 245 26 77
333 312 110 211
482 461 168 9
458 437 33 101
487 466 103 180
460 439 245 71
381 360 15 139
221 200 137 144
391 370 143 221
446 425 216 204
435 414 267 264
449 428 164 60
3 206
36 15 237 91
80 59 184 246
123 102 219 66
108 87 70 156
84 63 144 32
178 157 32 147
169 148 281 53
270 249 31 82
197 176 29 231
66 45 141 116
307 286 63 227
322 301 299 14
124 103 19 182
135 114 189 60
406 385 43 255
499 478 301 192
477 456 284 210
447 426 95 298
497 476 266 3
372 351 97 112
469 448 113 66
481 460 143 235
496 475 175 82
4 212
61 40 116 149
68 47 188 239
121 100 255 206
46 25 145 219
144 123 295 160
217 196 141 216
283 262 12 250
304 283 65 295
271 250 293 80
189 168 16 291
394 373 239 36
404 383 36 148
410 389 138 10
443 422 9 181
349 328 96 113
427 406 142 234
506 485 268 150
518 497 268 30
501 480 21 147
429 408 42 297
185 164 266 183
423 402 214 84
214 193 84 136
504 483 12 234
5 213
65 44 125 289
96 75 46 285
151 130 266 31
158 137 17 196
105 84 269 23
182 161 116 71
156 135 47 17
239 218 7 214
259 238 208 80
251 230 107 157
331 310 103 251
253 232 253 77
206 185 136 279
198 177 272 192
191 170 133 94
445 424 210 111
247 226 14 104
167 146 67 247
389 368 221 42
502 481 3 143
261 240 167 286
474 453 281 219
425 404 182 37
440 419 64 76
362 341 14 177
403 382 91 237
179 158 213 238
6 241
225 204 301 147
255 234 181 259
243 222 135 162
327 306 117 212
288 267 0 189
298 277 274 221
357 336 247 100
448 427 0 232
426 405 237 185
386 365 179 13
350 329 7 117
514 493 264 92
309 288 177 223
516 495 125 219
418 397 223 133
486 465 103 173
513 492 113 153
7 313
137 116 87 65
69 48 3 221
170 149 96 256
180 159 168 65
246 225 20 290
223 202 176 46
335 314 213 271
368 347 152 249
401 380 99 192
326 305 128 97
233 212 210 109
431 410 292 203
465 444 140 34
402 381 285 104
424 403 38 189
455 434 120 212
181 160 158 282
420 399 279 121
269 248 244 58
492 471 34 167
8 320
86 65 187 47
154 133 16 145
188 167 37 239
241 220 35 115
265 244 171 255
127 106 266 148
316 295 87 289
250 229 197 36
339 318 40 129
292 271 99 66
187 166 65 250
155 134 223 158
329 308 124 278
428 407 248 228
400 379 175 51
111 90 118 175
459 438 268 261
463 442 293 150
193 172 79 272
442 421 272 46
227 206 10 72
393 372 70 54
478 457 17 27
358 337 46 267
9 348
42 21 164 23
37 16 92 150
49 28 128 84
116 95 62 166
62 41 142 77
90 69 145 17
150 129 18 234
199 178 171 135
67 46 289 132
140 119 54 97
279 258 42 152
104 83 162 156
115 94 113 247
318 297 284 265
369 348 215 32
390 369 32 100
229 208 269 131
320 299 236 184
498 477 178 57
321 300 275 188
415 394 250 221
367 346 175 43
257 236 41 53
397 376 83 236
405 384 81 150
494 473 56 129
10 383
33 12 54 290
72 51 224 74
81 60 280 231
117 96 242 6
202 181 269 232
114 93 198 219
118 97 224 80
263 242 55 58
285 264 29 177
211 190 270 119
210 189 188 228
287 266 203 278
305 284 281 163
310 289 254 95
313 292 217 137
373 352 232 73
346 325 77 101
515 494 90 208
476 455 143 210
277 256 147 0
484 463 148 17
295 274 50 204
503 482 45 49
472 451 96 280
11 384
26 5 1 73
41 20 182 300
98 77 262 126
128 107 101 206
161 140 301 220
119 98 253 248
201 180 247 293
196 175 57 71
205 184 59 133
254 233 83 200
341 320 277 63
252 231 118 298
354 333 207 120
416 395 190 176
436 415 176 39
371 350 42 9
464 443 54 215
517 496 183 136
412 391 174 72
456 435 44 261
378 357 269 293
491 470 293 96
430 409 9 73
308 287 168 29
306 285 12 15
323 302 20 51
12 451
59 38 233 149
60 39 241 202
88 67 294 256
132 111 56 183
101 80 301 166
44 23 166 298
82 61 123 61
218 197 2 197
289 268 259 126
141 120 93 237
334 313 204 27
200 179 96 113
324 303 297 26
489 468 247 152
352 331 101 19
274 253 205 233
510 489 222 66
203 182 49 114
356 335 177 43
511 490 196 115
470 449 113 261
419 398 275 90
13 488
30 9 102 216
28 7 120 113
35 14 236 224
131 110 150 44
153 132 114 244
134 113 299 230
208 187 113 243
147 126 244 132
45 24 110 248
163 142 4 213
175 154 269 102
359 338 191 70
315 294 72 147
407 386 39 146
453 432 145 156
438 417 285 230
507 486 256 20
433 412 142 38
434 413 221 53
236 215 23 162
475 454 138 291
303 282 194 43
366 345 194 30
14 493
38 17 5 242
75 54 152 282
136 115 192 202
157 136 293 203
172 151 30 186
232 211 247 205
130 109 258 10
176 155 2 123
275 254 59 220
207 186 155 107
353 332 29 69
398 377 5 217
281 260 193 39
392 371 225 184
319 298 215 23
505 484 140 152
490 469 26 89
291 270 89 22
317 296 117 4
512 491 274 175
15 523
51 30 259 129
71 50 151 152
152 131 209 254
48 27 220 31
174 153 151 65
149 128 156 60
50 29 2 143
276 255 71 295
363 342 161 0
342 321 1 267
385 364 204 215
384 363 293 48
300 279 21 164
245 224 14 221
351 330 250 234
473 452 194 278
129 108 155 6
240 219 68 84
387 366 140 144
519 498 85 262
479 458 261 11
16 591
55 34 228 4
74 53 228 58
102 81 31 247
94 73 254 244
125 104 244 246
238 217 95 186
249 228 155 154
258 237 194 289
248 227 282 143
268 247 32 70
375 354 63 148
360 339 153 247
340 319 217 206
383 362 276 227
272 251 289 45
454 433 46 173
194 173 145 105
215 194 77 169
365 344 299 81
493 472 155 71
500 479 26 208
471 450 213 296
485 464 232 66
17 594
54 33 34 198
56 35 188 75
133 112 148 242
142 121 62 226
159 138 230 177
92 71 183 46
138 117 13 38
139 118 222 133
299 278 31 292
293 272 166 274
355 334 271 186
122 101 241 36
186 165 27 28
273 252 155 177
290 269 145 77
379 358 127 216
377 356 6 82
439 418 20 49
437 416 194 242
296 275 242 209
417 396 178 70
461 440 75 116
466 445 263 120
413 392 150 100
18 629
29 8 18 210
27 6 245 47
31 10 12 81
34 13 74 204
97 76 266 23
183 162 45 288
219 198 164 291
87 66 200 208
93 72 276 257
23 2 228 111
220 199 138 254
231 210 270 116
230 209 171 200
337 316 169 77
209 188 132 255
364 343 266 295
396 375 295 181
228 207 155 170
325 304 49 283
216 195 223 300
374 353 205 152
452 431 181 239
509 488 212 182
432 411 262 84
235 214 173 21
312 291 141 113
462 441 205 65
370 349 37 176
311 290 267 136
19 664
43 22 43 293
52 31 171 116
76 55 194 12
57 36 130 49
110 89 20 13
79 58 203 107
148 127 52 129
126 105 98 71
237 216 167 19
224 203 75 150
267 246 267 286
336 315 22 280
145 124 223 80
302 281 19 39
330 309 66 0
399 378 37 258
280 259 233 244
58 37 150 24
483 462 92 85
409 388 82 166
314 293 237 103
468 447 281 191
451 430 194 267
457 436 266 198
380 359 137 129
242 221 192 115
328 307 47 1
421 400 0 16
20 698
32 11 144 152
21 0 231 240
103 82 89 8
83 62 101 197
113 92 254 248
168 147 187 289
143 122 261 162
166 145 284 295
234 213 298 63
112 91 270 107
160 139 107 132
77 56 126 124
22 1 125 216
106 85 180 156
338 317 37 245
348 327 179 185
226 205 210 249
173 152 288 196
332 311 112 110
408 387 139 43
361 340 76 258
395 374 229 134
444 423 72 209
414 393 214 173
441 420 81 121
508 487 122 232
467 446 128 66
204 183 108 91
286 265 86 38
382 361 131 187
345 324 189 65
422 401 66 273
347 326 96 142
343 322 114 141
520 499 222 130
