1 135
34 0 74 204
433 0 142 38
339 0 40 129
487 0 103 180
360 0 153 247
298 0 274 221
415 0 250 221
389 0 221 42
371 0 42 9
227 0 10 72
315 0 72 147
22 0 125 216
394 0 239 36
187 0 65 250
169 0 281 53
439 0 20 49
189 0 16 291
134 0 299 230
21 0 231 240
344 0 240 263
185 0 266 183
383 0 276 227
289 0 259 126
326 0 128 97
467 0 128 66
126 0 98 71
495 0 75 141
312 0 141 113
332 0 112 110
469 0 113 66
184 0 68 72
352 0 101 19
110 0 20 13
381 0 15 139
387 0 140 144
182 0 116 71
504 0 12 234
320 0 236 184
152 0 209 254
256 0 277 129
416 0 190 176
175 0 269 102
456 0 44 261
117 0 242 6
91 0 9 97
188 0 37 239
493 0 155 71
276 0 71 295
459 0 268 261
301 0 296 222
428 0 248 228
55 0 228 4
398 0 5 217
510 0 222 66
330 0 66 0
266 0 26 77
215 0 77 169
337 0 169 77
254 0 83 200
482 0 168 9
362 0 14 177
400 0 175 51
116 0 62 166
264 0 137 261
384 0 293 48
156 0 47 17
245 0 14 221
418 0 223 133
444 0 72 209
147 0 244 132
209 0 132 255
118 0 224 80
441 0 81 121
356 0 177 43
53 0 42 203
35 0 236 224
438 0 285 230
159 0 230 177
413 0 150 100
83 0 101 197
395 0 229 134
260 0 164 285
173 0 288 196
507 0 256 20
501 0 21 147
106 0 180 156
207 0 155 107
45 0 110 248
357 0 247 100
167 0 67 247
474 0 281 219
99 0 190 233
334 0 204 27
163 0 4 213
125 0 244 246
60 0 241 202
374 0 205 152
2 145
496 0 175 82
427 0 142 234
97 0 266 23
197 0 29 231
164 0 230 261
195 0 264 258
51 0 259 129
65 0 125 289
67 0 289 132
220 0 138 254
310 0 254 95
277 0 147 0
26 0 1 73
31 0 12 81
140 0 54 97
128 0 101 206
259 0 208 80
391 0 143 221
135 0 189 60
241 0 35 115
90 0 145 17
336 0 22 280
166 0 284 295
234 0 298 63
141 0 93 237
127 0 266 148
386 0 179 13
247 0 14 104
358 0 46 267
296 0 242 209
341 0 277 63
375 0 63 148
447 0 95 298
101 0 301 166
44 0 166 298
364 0 266 295
144 0 295 160
261 0 167 286
253 0 253 77
295 0 50 204
505 0 140 152
228 0 155 170
265 0 171 255
130 0 258 10
377 0 6 82
124 0 19 182
177 0 125 201
373 0 232 73
475 0 138 291
271 0 293 80
214 0 84 136
221 0 137 144
465 0 140 34
69 0 3 221
520 0 222 130
136 0 192 202
412 0 174 72
461 0 75 116
84 0 144 32
178 0 32 147
347 0 96 142
32 0 144 152
75 0 152 282
248 0 282 143
335 0 213 271
460 0 245 71
257 0 41 53
286 0 86 38
399 0 37 258
143 0 261 162
216 0 223 300
225 0 301 147
3 170
488 0 169 171
199 0 171 135
25 0 168 227
23 0 228 111
343 0 114 141
62 0 142 77
33 0 54 290
431 0 292 203
79 0 203 107
237 0 167 19
323 0 20 51
325 0 49 283
477 0 284 210
226 0 210 249
201 0 247 293
267 0 267 286
165 0 288 27
186 0 27 28
440 0 64 76
148 0 52 129
401 0 99 192
303 0 194 43
108 0 70 156
77 0 126 124
24 0 126 152
133 0 148 242
321 0 275 188
210 0 188 228
59 0 233 149
170 0 96 256
155 0 223 158
282 0 191 60
212 0 87 191
473 0 194 278
233 0 210 109
513 0 113 153
4 176
92 0 183 46
478 0 17 27
176 0 2 123
369 0 215 32
390 0 32 100
292 0 99 66
407 0 39 146
82 0 123 61
424 0 38 189
281 0 193 39
411 0 40 4
480 0 6 120
472 0 96 280
468 0 281 191
509 0 212 182
41 0 182 300
190 0 276 124
425 0 182 37
288 0 0 189
149 0 156 60
492 0 34 167
63 0 170 135
219 0 164 291
479 0 261 11
306 0 12 15
29 0 18 210
484 0 148 17
154 0 16 145
131 0 150 44
393 0 70 54
263 0 55 58
268 0 32 70
239 0 7 214
506 0 268 150
223 0 176 46
406 0 43 255
366 0 194 30
236 0 23 162
392 0 225 184
498 0 178 57
275 0 59 220
145 0 223 80
193 0 79 272
198 0 272 192
86 0 187 47
183 0 45 288
157 0 293 203
280 0 233 244
211 0 270 119
316 0 87 289
396 0 295 181
129 0 155 6
421 0 0 16
300 0 21 164
42 0 164 23
307 0 63 227
449 0 164 60
342 0 1 267
151 0 266 31
5 177
71 0 151 152
70 0 180 218
232 0 247 205
385 0 204 215
319 0 215 23
270 0 31 82
464 0 54 215
414 0 214 173
52 0 171 116
290 0 145 77
361 0 76 258
100 0 198 109
180 0 168 65
103 0 89 8
38 0 5 242
499 0 301 192
181 0 158 282
318 0 284 265
378 0 269 293
491 0 293 96
349 0 96 113
397 0 83 236
274 0 205 233
485 0 232 66
240 0 68 84
409 0 82 166
251 0 107 157
363 0 161 0
218 0 2 197
437 0 194 242
112 0 270 107
380 0 137 129
379 0 127 216
6 205
481 0 143 235
314 0 237 103
486 0 103 173
517 0 183 136
410 0 138 10
138 0 13 38
294 0 4 79
132 0 56 183
80 0 184 246
123 0 219 66
279 0 42 152
278 0 95 171
230 0 171 200
470 0 113 261
432 0 262 84
153 0 114 244
105 0 269 23
317 0 117 4
222 0 7 190
76 0 194 12
302 0 19 39
350 0 7 117
37 0 92 150
423 0 214 84
61 0 116 149
516 0 125 219
68 0 188 239
313 0 217 137
206 0 136 279
89 0 273 255
119 0 253 248
48 0 220 31
102 0 31 247
27 0 245 47
328 0 47 1
50 0 2 143
174 0 151 65
370 0 37 176
179 0 213 238
36 0 237 91
353 0 29 69
304 0 65 295
88 0 294 256
419 0 275 90
515 0 90 208
142 0 62 226
7 277
231 0 270 116
483 0 92 85
285 0 29 177
309 0 177 223
139 0 222 133
250 0 197 36
458 0 33 101
429 0 42 297
192 0 298 270
202 0 269 232
213 0 203 61
404 0 36 148
40 0 124 107
293 0 166 274
122 0 241 36
338 0 37 245
489 0 247 152
348 0 179 185
168 0 187 289
463 0 293 150
508 0 122 232
87 0 200 208
73 0 301 153
238 0 95 186
255 0 181 259
171 0 267 197
74 0 228 58
205 0 59 133
104 0 162 156
388 0 186 128
49 0 128 84
405 0 81 150
58 0 150 24
299 0 31 292
95 0 262 233
98 0 262 126
284 0 127 80
217 0 141 216
445 0 210 111
333 0 110 211
434 0 221 53
196 0 57 71
443 0 9 181
273 0 155 177
327 0 117 212
420 0 279 121
162 0 177 228
462 0 205 65
422 0 66 273
8 284
113 0 254 248
81 0 280 231
39 0 230 173
308 0 168 29
519 0 85 262
457 0 266 198
114 0 198 219
305 0 281 163
244 0 162 195
258 0 194 289
272 0 289 45
503 0 45 49
203 0 49 114
494 0 56 129
359 0 191 70
30 0 102 216
355 0 271 186
452 0 181 239
340 0 217 206
471 0 213 296
311 0 267 136
204 0 108 91
194 0 145 105
160 0 107 132
191 0 133 94
368 0 152 249
351 0 250 234
262 0 263 70
331 0 103 251
94 0 254 244
229 0 269 131
382 0 131 187
345 0 189 65
200 0 96 113
235 0 173 21
246 0 20 290
365 0 299 81
158 0 17 196
121 0 255 206
120 0 204 202
287 0 203 278
146 0 240 134
243 0 135 162
451 0 194 267
450 0 268 237
64 0 238 236
435 0 267 264
93 0 276 257
466 0 263 120
137 0 87 65
502 0 3 143
66 0 141 116
403 0 91 237
497 0 266 3
490 0 26 89
291 0 89 22
150 0 18 234
85 0 238 202
297 0 202 209
417 0 178 70
372 0 97 112
367 0 175 43
430 0 9 73
346 0 77 101
57 0 130 49
47 0 52 149
249 0 155 154
329 0 124 278
442 0 272 46
43 0 43 293
322 0 299 14
454 0 46 173
115 0 113 247
9 312
448 0 0 232
109 0 293 205
426 0 237 185
446 0 216 204
514 0 264 92
252 0 118 298
518 0 268 30
172 0 30 186
56 0 188 75
224 0 75 150
436 0 176 39
54 0 34 198
376 0 136 142
408 0 139 43
96 0 46 285
402 0 285 104
511 0 196 115
46 0 145 219
72 0 224 74
283 0 12 250
107 0 285 157
242 0 192 115
208 0 113 243
161 0 301 220
78 0 249 261
324 0 297 26
500 0 26 208
269 0 244 58
111 0 118 175
354 0 207 120
455 0 120 212
512 0 274 175
453 0 145 156
28 0 120 113
476 0 143 210
10 347
11 348
12 415
13 452
14 457
15 487
16 555
17 558
18 593
19 628
20 662
