1 39
421 0 40 4
228 0 2 197
461 0 194 267
74 0 238 236
330 0 236 184
527 0 183 136
386 0 136 142
437 0 142 234
374 0 266 295
244 0 298 63
295 0 29 177
329 0 215 23
207 0 29 231
195 0 266 183
379 0 215 32
151 0 93 237
204 0 145 105
497 0 103 180
243 0 210 109
327 0 117 4
67 0 130 49
213 0 49 114
125 0 113 247
78 0 188 239
308 0 274 221
520 0 222 66
348 0 37 245
470 0 245 71
325 0 72 147
510 0 26 208
185 0 269 102
2 72
338 0 47 1
196 0 27 28
490 0 6 120
75 0 125 289
441 0 292 203
290 0 233 244
351 0 277 63
280 0 31 82
262 0 118 298
144 0 299 230
495 0 232 66
250 0 68 84
120 0 20 13
148 0 13 38
381 0 42 9
453 0 9 181
462 0 181 239
156 0 240 134
214 0 108 91
413 0 91 237
506 0 175 82
150 0 54 97
198 0 37 239
452 0 272 46
101 0 9 97
136 0 98 71
93 0 101 197
174 0 230 261
324 0 237 103
368 0 46 267
467 0 266 198
344 0 204 27
502 0 34 167
73 0 170 135
418 0 139 43
293 0 12 250
430 0 279 121
126 0 62 166
271 0 167 286
263 0 253 77
356 0 77 101
3 135
253 0 135 162
492 0 168 9
237 0 10 72
286 0 71 295
98 0 294 256
61 0 259 129
526 0 125 219
66 0 188 75
391 0 15 139
347 0 169 77
166 0 47 17
39 0 18 210
208 0 272 192
131 0 255 206
94 0 144 32
215 0 59 133
201 0 133 94
298 0 0 189
503 0 155 71
416 0 43 255
291 0 193 39
48 0 5 242
445 0 267 264
107 0 266 23
182 0 30 186
80 0 180 218
404 0 239 36
468 0 33 101
63 0 42 203
272 0 263 70
335 0 49 283
175 0 288 27
64 0 34 198
65 0 228 4
79 0 3 221
133 0 219 66
4 141
322 0 141 113
218 0 113 243
469 0 268 261
103 0 276 257
140 0 258 10
232 0 7 190
177 0 67 247
367 0 247 100
336 0 128 97
382 0 97 112
353 0 114 141
100 0 145 17
488 0 17 27
36 0 1 73
466 0 44 261
306 0 242 209
90 0 184 246
499 0 247 152
358 0 179 185
350 0 217 206
284 0 205 233
167 0 293 203
130 0 204 202
45 0 236 224
447 0 194 242
239 0 269 131
114 0 162 156
294 0 127 80
152 0 62 226
124 0 198 219
361 0 250 234
161 0 266 31
112 0 31 247
88 0 249 261
476 0 263 120
288 0 95 171
275 0 171 255
211 0 247 293
501 0 293 96
38 0 120 113
480 0 113 261
406 0 295 181
5 145
240 0 171 200
31 0 231 240
354 0 240 263
524 0 264 92
163 0 114 244
279 0 244 58
122 0 270 107
420 0 138 10
316 0 12 15
312 0 19 39
387 0 6 82
346 0 22 280
448 0 285 230
119 0 293 205
89 0 203 107
224 0 84 136
274 0 137 261
153 0 261 162
254 0 162 195
86 0 194 12
372 0 14 177
366 0 177 43
349 0 40 129
341 0 103 251
82 0 224 74
471 0 75 116
141 0 150 44
158 0 52 129
496 0 103 173
71 0 116 149
210 0 96 113
334 0 297 26
525 0 90 208
388 0 269 293
375 0 299 81
486 0 143 210
455 0 210 111
515 0 140 152
6 170
498 0 169 171
397 0 140 144
56 0 145 219
149 0 222 133
54 0 166 298
202 0 298 270
157 0 244 132
252 0 192 115
72 0 142 77
199 0 16 291
394 0 293 48
371 0 76 258
383 0 232 73
229 0 164 291
104 0 254 244
429 0 275 90
304 0 4 79
246 0 23 162
392 0 131 187
259 0 155 154
50 0 124 107
55 0 110 248
484 0 281 219
220 0 188 228
33 0 228 111
415 0 81 150
410 0 175 51
464 0 46 173
209 0 171 135
42 0 144 152
51 0 182 300
460 0 268 237
190 0 168 65
197 0 65 250
58 0 220 31
385 0 63 148
143 0 148 242
436 0 237 185
7 176
424 0 214 173
491 0 143 235
46 0 237 91
233 0 176 46
273 0 55 58
317 0 63 227
70 0 241 202
108 0 262 126
87 0 126 124
34 0 126 152
378 0 152 249
425 0 250 221
178 0 187 289
281 0 293 80
264 0 83 200
223 0 203 61
408 0 5 217
236 0 210 249
132 0 241 36
458 0 0 232
297 0 203 278
37 0 245 47
257 0 14 104
261 0 107 157
444 0 221 53
401 0 143 221
8 177
508 0 178 57
285 0 59 220
258 0 282 143
121 0 118 175
81 0 151 152
159 0 156 60
41 0 12 81
479 0 113 66
432 0 66 273
96 0 187 47
505 0 75 141
76 0 141 116
337 0 117 212
530 0 222 130
403 0 70 54
188 0 32 147
287 0 147 0
500 0 26 89
251 0 35 115
451 0 81 121
493 0 92 85
310 0 21 164
521 0 196 115
427 0 178 70
482 0 96 280
438 0 248 228
517 0 256 20
333 0 20 51
164 0 16 145
422 0 174 72
44 0 74 204
516 0 268 150
172 0 177 228
485 0 138 291
154 0 295 160
146 0 192 202
260 0 197 36
180 0 96 256
320 0 254 95
9 180
116 0 180 156
32 0 125 216
370 0 153 247
242 0 247 205
245 0 173 21
192 0 116 71
389 0 127 216
396 0 179 13
160 0 18 234
205 0 264 258
489 0 261 11
193 0 45 288
52 0 164 23
206 0 57 71
513 0 45 49
305 0 50 204
137 0 266 148
248 0 95 186
398 0 186 128
373 0 161 0
352 0 1 267
509 0 301 192
109 0 190 233
84 0 228 58
241 0 270 116
377 0 175 43
474 0 54 215
200 0 276 124
477 0 128 66
417 0 39 146
300 0 145 77
225 0 77 169
35 0 168 227
405 0 229 134
459 0 164 60
457 0 95 298
181 0 267 197
483 0 194 278
10 205
189 0 213 238
277 0 267 286
328 0 284 265
235 0 301 147
222 0 87 191
369 0 191 70
360 0 7 117
363 0 29 69
409 0 37 258
442 0 262 84
142 0 56 183
102 0 183 46
454 0 72 209
364 0 207 120
357 0 96 142
518 0 122 232
97 0 200 208
481 0 213 296
332 0 299 14
256 0 20 290
473 0 293 150
127 0 242 6
440 0 9 73
106 0 46 285
402 0 225 184
115 0 269 23
504 0 56 129
187 0 125 201
105 0 262 233
446 0 176 39
11 274
99 0 273 255
123 0 254 248
487 0 284 210
323 0 217 137
231 0 137 144
472 0 205 65
194 0 68 72
249 0 7 214
184 0 151 65
267 0 41 53
529 0 85 262
507 0 266 3
434 0 38 189
270 0 164 285
412 0 285 104
390 0 137 129
59 0 128 84
57 0 52 149
359 0 96 113
230 0 138 254
128 0 224 80
234 0 75 150
68 0 150 24
400 0 32 100
411 0 99 192
292 0 191 60
450 0 64 76
514 0 12 234
345 0 213 271
365 0 271 186
435 0 182 37
380 0 37 176
171 0 301 220
145 0 189 60
276 0 26 77
43 0 54 290
12 277
393 0 276 227
155 0 223 80
342 0 112 110
318 0 168 29
309 0 31 292
331 0 275 188
283 0 155 177
319 0 177 223
313 0 194 43
173 0 4 213
433 0 214 84
278 0 32 70
118 0 70 156
238 0 155 170
475 0 140 34
431 0 0 16
168 0 17 196
376 0 194 30
296 0 86 38
40 0 102 216
494 0 148 17
203 0 79 272
265 0 181 259
49 0 230 173
62 0 171 116
227 0 141 216
456 0 216 204
395 0 204 215
135 0 244 246
522 0 274 175
443 0 142 38
60 0 2 143
384 0 205 152
13 282
183 0 288 196
299 0 259 126
138 0 101 206
321 0 267 136
169 0 230 177
423 0 150 100
268 0 194 289
179 0 281 53
407 0 83 236
266 0 277 129
226 0 223 300
111 0 301 166
523 0 113 153
326 0 87 289
77 0 289 132
303 0 166 274
478 0 281 191
399 0 221 42
289 0 42 152
301 0 89 22
511 0 21 147
139 0 155 6
439 0 42 297
311 0 296 222
302 0 99 66
340 0 66 0
186 0 2 123
92 0 123 61
414 0 36 148
465 0 120 212
355 0 189 65
314 0 65 295
212 0 269 232
69 0 233 149
339 0 124 278
14 284
117 0 285 157
191 0 158 282
428 0 223 133
343 0 110 211
519 0 212 182
113 0 89 8
216 0 136 279
129 0 253 248
91 0 280 231
95 0 238 202
307 0 202 209
221 0 270 119
147 0 87 65
512 0 3 143
269 0 208 80
419 0 82 166
110 0 198 109
247 0 167 19
134 0 19 182
217 0 155 107
170 0 107 132
362 0 101 19
449 0 20 49
255 0 14 221
165 0 223 158
426 0 190 176
162 0 209 254
176 0 284 295
528 0 268 30
47 0 92 150
463 0 145 156
85 0 152 282
315 0 281 163
219 0 132 255
282 0 289 45
53 0 43 293
83 0 301 153
15 312
16 345
17 347
18 348
19 383
20 415
21 452
22 457
23 487
24 523
25 555
26 558
27 593
28 628
29 662
30 697
