1 39
359 0 40 129
487 0 128 66
146 0 98 71
128 0 70 156
383 0 161 0
196 0 2 123
288 0 32 70
103 0 101 197
281 0 167 286
292 0 289 45
523 0 45 49
213 0 79 272
364 0 240 263
342 0 299 14
111 0 9 97
190 0 96 256
2 72
277 0 41 53
322 0 19 39
418 0 5 217
3 135
211 0 133 94
298 0 95 171
79 0 233 149
475 0 120 212
166 0 240 134
396 0 136 142
347 0 117 212
188 0 187 289
4 141
525 0 140 152
445 0 182 37
419 0 37 258
71 0 259 129
302 0 191 60
336 0 87 289
193 0 288 196
415 0 229 134
303 0 12 250
5 145
432 0 174 72
335 0 72 147
468 0 0 232
483 0 293 150
210 0 276 124
536 0 125 219
143 0 219 66
442 0 66 273
6 170
357 0 169 77
381 0 76 258
309 0 259 126
399 0 127 216
7 173
446 0 237 185
414 0 239 36
358 0 37 245
85 0 125 289
186 0 284 295
129 0 293 205
340 0 236 184
145 0 244 246
318 0 274 221
175 0 223 158
201 0 158 282
268 0 282 143
482 0 205 65
324 0 65 295
486 0 263 120
269 0 155 154
275 0 181 259
8 176
151 0 150 44
449 0 42 297
55 0 236 224
493 0 194 278
252 0 247 205
344 0 297 26
512 0 34 167
83 0 170 135
296 0 71 295
307 0 203 278
9 177
470 0 268 237
154 0 299 230
41 0 231 240
109 0 273 255
438 0 223 133
332 0 141 113
489 0 113 66
187 0 67 247
509 0 247 152
388 0 152 249
10 180
126 0 180 156
61 0 182 300
316 0 242 209
339 0 215 23
122 0 31 247
448 0 248 228
236 0 223 300
289 0 244 58
395 0 63 148
349 0 124 278
532 0 274 175
105 0 238 202
233 0 203 61
11 205
384 0 266 295
113 0 276 257
87 0 289 132
501 0 143 235
403 0 276 227
94 0 228 58
225 0 59 133
226 0 136 279
101 0 280 231
452 0 262 84
160 0 54 97
12 249
435 0 250 221
530 0 222 66
424 0 36 148
197 0 125 201
64 0 166 298
147 0 266 148
76 0 188 75
533 0 113 153
90 0 180 218
333 0 217 137
237 0 141 216
13 274
480 0 245 71
426 0 43 255
14 277
231 0 270 119
220 0 96 113
228 0 113 243
132 0 270 107
313 0 166 274
325 0 281 163
280 0 164 285
458 0 285 230
451 0 292 203
294 0 205 233
300 0 233 244
172 0 209 254
139 0 253 248
68 0 220 31
473 0 145 156
346 0 128 97
535 0 90 208
222 0 269 232
404 0 293 48
283 0 55 58
192 0 30 186
15 282
488 0 281 191
454 0 221 53
49 0 18 210
16 284
273 0 253 77
345 0 49 283
422 0 285 104
507 0 103 180
153 0 148 242
167 0 244 132
17 312
18 316
19 345
124 0 162 156
513 0 155 71
234 0 84 136
271 0 107 157
44 0 126 152
460 0 64 76
464 0 72 209
361 0 277 63
503 0 92 85
136 0 62 166
469 0 164 60
441 0 0 16
401 0 15 139
107 0 200 208
194 0 151 65
304 0 127 80
484 0 54 215
355 0 213 271
218 0 272 192
301 0 193 39
176 0 47 17
174 0 16 145
173 0 114 244
538 0 268 30
152 0 56 183
182 0 177 228
20 347
235 0 77 169
118 0 262 126
227 0 155 107
515 0 75 141
495 0 138 291
439 0 275 90
312 0 99 66
476 0 44 261
249 0 269 131
506 0 103 173
285 0 171 255
141 0 255 206
317 0 202 209
100 0 184 246
42 0 125 216
142 0 241 36
261 0 35 115
110 0 145 17
170 0 18 234
164 0 295 160
21 348
508 0 169 171
537 0 183 136
433 0 150 100
372 0 101 19
343 0 20 51
366 0 77 101
391 0 42 9
463 0 9 181
293 0 155 177
434 0 214 173
354 0 204 27
362 0 1 267
205 0 266 183
279 0 208 80
178 0 17 196
262 0 192 115
66 0 145 219
149 0 155 6
444 0 38 189
436 0 190 176
219 0 171 135
270 0 197 36
427 0 39 146
78 0 150 24
22 383
490 0 113 261
282 0 263 70
63 0 43 293
385 0 299 81
428 0 139 43
397 0 6 82
67 0 52 149
230 0 188 228
120 0 198 109
241 0 137 144
274 0 83 200
59 0 230 173
411 0 143 221
119 0 190 233
505 0 232 66
350 0 66 0
520 0 26 208
91 0 151 152
286 0 26 77
223 0 49 114
363 0 114 141
250 0 171 200
134 0 198 219
529 0 212 182
369 0 96 113
23 415
43 0 228 111
539 0 85 262
443 0 214 84
420 0 175 51
521 0 21 147
123 0 89 8
70 0 2 143
130 0 20 13
116 0 46 285
412 0 225 184
437 0 178 70
311 0 89 22
320 0 21 164
255 0 173 21
216 0 57 71
203 0 45 288
127 0 285 157
24 452
481 0 75 116
161 0 93 237
276 0 277 129
165 0 223 80
102 0 123 61
232 0 87 191
114 0 254 244
195 0 269 102
148 0 101 206
56 0 237 91
417 0 83 236
394 0 205 152
465 0 210 111
327 0 63 227
531 0 196 115
528 0 122 232
393 0 232 73
474 0 46 173
485 0 140 34
74 0 34 198
25 457
202 0 116 71
453 0 142 38
421 0 99 192
138 0 224 80
429 0 82 166
200 0 168 65
207 0 65 250
440 0 279 121
162 0 62 226
330 0 254 95
157 0 87 65
204 0 68 72
208 0 37 239
297 0 147 0
478 0 33 101
260 0 68 84
137 0 242 6
265 0 14 221
189 0 281 53
26 487
387 0 175 43
229 0 132 255
117 0 266 23
290 0 31 82
352 0 112 110
180 0 107 132
97 0 126 124
60 0 124 107
54 0 74 204
374 0 207 120
258 0 95 186
88 0 188 239
47 0 245 47
267 0 14 104
284 0 137 261
215 0 264 258
96 0 194 12
58 0 5 242
341 0 275 188
27 491
156 0 192 202
407 0 140 144
52 0 144 152
239 0 164 291
150 0 258 10
73 0 42 203
287 0 267 286
185 0 288 27
510 0 26 89
492 0 96 280
377 0 247 100
224 0 108 91
81 0 116 149
408 0 186 128
402 0 131 187
106 0 187 47
461 0 81 121
57 0 92 150
376 0 177 43
264 0 162 195
457 0 194 242
181 0 301 220
28 523
423 0 91 237
191 0 267 197
245 0 301 147
253 0 210 109
328 0 168 29
356 0 22 280
494 0 281 219
371 0 250 234
291 0 293 80
447 0 142 234
331 0 267 136
502 0 168 9
242 0 7 190
248 0 155 170
75 0 228 4
259 0 7 214
125 0 269 23
256 0 23 162
62 0 164 23
217 0 29 231
29 530
46 0 1 73
65 0 110 248
278 0 194 289
511 0 293 96
48 0 120 113
456 0 176 39
299 0 42 152
95 0 152 282
92 0 224 74
353 0 110 211
365 0 189 65
314 0 4 79
425 0 81 150
491 0 213 296
212 0 298 270
398 0 269 293
177 0 293 203
400 0 137 129
368 0 179 185
466 0 216 204
516 0 175 82
53 0 54 290
171 0 266 31
198 0 32 147
30 554
263 0 135 162
380 0 153 247
338 0 284 265
251 0 270 116
254 0 298 63
410 0 32 100
77 0 130 49
209 0 16 291
115 0 262 233
86 0 141 116
514 0 56 129
169 0 156 60
504 0 148 17
373 0 29 69
392 0 97 112
266 0 20 290
108 0 294 256
527 0 256 20
382 0 14 177
389 0 215 32
295 0 59 220
31 555
540 0 222 130
430 0 138 10
450 0 9 73
413 0 70 54
315 0 50 204
140 0 204 202
405 0 204 215
329 0 177 223
462 0 272 46
244 0 75 150
214 0 145 105
240 0 138 254
386 0 194 30
459 0 20 49
378 0 46 267
526 0 268 150
104 0 144 32
319 0 31 292
99 0 203 107
272 0 118 298
121 0 301 166
257 0 167 19
144 0 19 182
32 557
500 0 6 120
89 0 3 221
471 0 194 267
519 0 301 192
323 0 194 43
524 0 12 234
84 0 238 236
334 0 237 103
135 0 113 247
80 0 241 202
179 0 230 177
199 0 213 238
479 0 268 261
416 0 295 181
409 0 221 42
431 0 40 4
522 0 3 143
496 0 143 210
246 0 210 249
221 0 247 293
321 0 296 222
133 0 254 248
98 0 249 261
499 0 261 11
33 558
305 0 29 177
243 0 176 46
348 0 47 1
390 0 37 176
82 0 142 77
168 0 52 129
351 0 103 251
497 0 284 210
375 0 271 186
155 0 189 60
308 0 0 189
472 0 181 239
360 0 217 206
477 0 266 198
379 0 191 70
370 0 7 117
310 0 145 77
45 0 168 227
159 0 222 133
69 0 128 84
337 0 117 4
367 0 96 142
72 0 171 116
34 564
93 0 301 153
206 0 27 28
238 0 2 197
184 0 230 261
163 0 261 162
50 0 102 216
406 0 179 13
247 0 10 72
326 0 12 15
498 0 17 27
467 0 95 298
517 0 266 3
51 0 12 81
112 0 183 46
158 0 13 38
183 0 4 213
455 0 267 264
534 0 264 92
131 0 118 175
518 0 178 57
306 0 86 38
35 593
36 596
37 628
38 662
39 666
40 697
