1 39
287 0 41 53
293 0 55 58
110 0 184 246
519 0 247 152
424 0 239 36
545 0 90 208
150 0 204 202
518 0 169 171
55 0 168 227
72 0 164 23
329 0 31 292
2 65
217 0 65 250
445 0 250 221
102 0 224 74
221 0 133 94
167 0 87 65
368 0 37 245
472 0 272 46
61 0 12 81
543 0 113 153
100 0 180 218
3 72
325 0 50 204
297 0 267 286
195 0 288 27
532 0 3 143
500 0 113 261
215 0 266 183
209 0 213 238
264 0 298 63
282 0 118 298
222 0 298 270
177 0 244 132
516 0 103 173
442 0 174 72
474 0 72 209
4 135
313 0 12 250
461 0 292 203
367 0 169 77
438 0 139 43
309 0 42 152
105 0 152 282
278 0 282 143
5 141
494 0 54 215
536 0 268 150
88 0 150 24
305 0 59 220
175 0 223 80
439 0 82 166
250 0 138 254
422 0 225 184
349 0 215 23
180 0 18 234
148 0 224 80
223 0 79 272
490 0 245 71
6 145
526 0 175 82
140 0 20 13
257 0 10 72
345 0 72 147
514 0 148 17
366 0 22 280
335 0 281 163
342 0 141 113
471 0 81 121
357 0 117 212
478 0 0 232
463 0 142 38
360 0 66 0
530 0 26 208
7 170
260 0 171 200
310 0 233 244
299 0 244 58
171 0 93 237
66 0 237 91
549 0 85 262
408 0 269 293
352 0 299 14
332 0 19 39
419 0 221 42
213 0 45 288
354 0 297 26
488 0 33 101
8 173
265 0 173 21
330 0 21 164
491 0 75 116
427 0 83 236
501 0 213 296
487 0 266 198
323 0 166 274
450 0 279 121
483 0 145 156
237 0 155 107
145 0 113 247
231 0 247 293
426 0 295 181
9 176
466 0 176 39
197 0 67 247
476 0 216 204
509 0 261 11
73 0 43 293
97 0 289 132
10 177
386 0 177 43
388 0 46 267
232 0 269 232
118 0 294 256
196 0 284 295
331 0 296 222
149 0 253 248
199 0 281 53
435 0 81 150
157 0 266 148
258 0 155 170
456 0 237 185
272 0 192 115
120 0 145 17
219 0 16 291
11 180
378 0 179 185
136 0 180 156
475 0 210 111
59 0 18 210
390 0 153 247
176 0 240 134
190 0 107 132
412 0 131 187
71 0 182 300
255 0 301 147
163 0 148 242
341 0 267 136
251 0 137 144
183 0 114 244
142 0 270 107
281 0 107 157
12 205
127 0 266 23
202 0 30 186
455 0 182 37
428 0 5 217
228 0 272 192
540 0 222 66
269 0 7 214
326 0 242 209
528 0 178 57
524 0 56 129
152 0 241 36
206 0 2 123
141 0 118 175
320 0 145 77
13 208
453 0 214 84
244 0 84 136
254 0 75 150
204 0 151 65
454 0 38 189
375 0 189 65
218 0 37 239
153 0 219 66
400 0 37 176
492 0 205 65
200 0 96 256
124 0 254 244
135 0 269 23
298 0 32 70
14 242
548 0 268 30
227 0 29 231
512 0 168 9
83 0 42 203
109 0 203 107
96 0 141 116
433 0 91 237
181 0 266 31
447 0 178 70
138 0 70 156
523 0 155 71
401 0 42 9
121 0 9 97
179 0 156 60
133 0 89 8
459 0 42 297
139 0 293 205
384 0 207 120
15 249
498 0 281 191
185 0 223 158
240 0 188 228
85 0 228 4
409 0 127 216
256 0 210 249
328 0 274 221
78 0 220 31
235 0 59 133
517 0 103 180
165 0 189 60
522 0 34 167
74 0 166 298
413 0 276 227
137 0 285 157
16 274
542 0 274 175
286 0 277 129
431 0 99 192
550 0 222 130
166 0 192 202
415 0 204 215
155 0 244 246
70 0 124 107
425 0 229 134
17 277
371 0 277 63
67 0 92 150
253 0 176 46
270 0 68 84
511 0 143 235
191 0 301 220
303 0 155 177
241 0 270 119
477 0 95 298
205 0 269 102
79 0 128 84
212 0 116 71
306 0 71 295
18 282
446 0 190 176
430 0 175 51
170 0 54 97
402 0 97 112
247 0 141 216
374 0 240 263
131 0 301 166
130 0 198 109
499 0 113 66
429 0 37 258
249 0 164 291
123 0 276 257
283 0 253 77
440 0 138 10
473 0 9 181
19 284
348 0 284 265
527 0 266 3
407 0 6 82
146 0 62 166
194 0 230 261
462 0 262 84
76 0 145 219
481 0 194 267
489 0 268 261
201 0 267 197
467 0 194 242
261 0 270 116
161 0 150 44
486 0 44 261
128 0 262 126
20 312
21 316
520 0 26 89
271 0 35 115
226 0 57 71
525 0 75 141
295 0 171 255
81 0 259 129
211 0 158 282
381 0 250 234
22 317
230 0 96 113
443 0 150 100
107 0 126 124
485 0 120 212
539 0 212 182
482 0 181 239
343 0 217 137
410 0 137 129
502 0 96 280
262 0 247 205
62 0 144 152
23 345
420 0 32 100
274 0 162 195
158 0 101 206
344 0 237 103
60 0 102 216
370 0 217 206
115 0 238 202
243 0 203 61
248 0 2 197
503 0 194 278
24 347
321 0 89 22
411 0 15 139
82 0 171 116
91 0 116 149
54 0 126 152
25 348
460 0 9 73
178 0 52 129
239 0 132 255
340 0 254 95
346 0 87 289
301 0 293 80
92 0 142 77
376 0 77 101
396 0 194 30
538 0 122 232
173 0 261 162
393 0 161 0
99 0 3 221
129 0 190 233
69 0 230 173
404 0 205 152
26 354
296 0 26 77
186 0 47 17
276 0 20 290
521 0 293 96
379 0 96 113
421 0 143 221
27 380
242 0 87 191
169 0 222 133
355 0 49 283
507 0 284 210
263 0 210 109
75 0 110 248
28 383
300 0 31 82
506 0 143 210
198 0 187 289
414 0 293 48
188 0 17 196
267 0 167 19
469 0 20 49
275 0 14 221
389 0 191 70
29 415
84 0 34 198
144 0 198 219
464 0 221 53
508 0 17 27
216 0 27 28
434 0 36 148
359 0 124 278
30 449
214 0 68 72
392 0 14 177
101 0 151 152
398 0 152 249
504 0 281 219
458 0 248 228
479 0 164 60
451 0 0 16
63 0 54 290
246 0 223 300
103 0 301 153
308 0 95 171
93 0 170 135
236 0 136 279
31 452
134 0 162 156
279 0 155 154
52 0 125 216
418 0 186 128
377 0 96 142
362 0 112 110
245 0 77 169
229 0 171 135
294 0 137 261
160 0 258 10
336 0 12 15
277 0 14 104
32 457
505 0 138 291
125 0 262 233
493 0 293 150
397 0 175 43
423 0 70 54
347 0 117 4
380 0 7 117
339 0 177 223
541 0 196 115
162 0 56 183
449 0 275 90
80 0 2 143
33 485
273 0 135 162
288 0 194 289
104 0 228 58
316 0 86 38
533 0 45 49
391 0 76 258
174 0 295 160
311 0 193 39
441 0 40 4
68 0 5 242
289 0 208 80
337 0 63 227
280 0 197 36
252 0 7 190
448 0 223 133
34 487
210 0 168 65
452 0 66 273
119 0 273 255
151 0 255 206
304 0 205 233
259 0 269 131
58 0 120 113
495 0 140 34
56 0 1 73
291 0 167 286
203 0 288 196
35 491
444 0 214 173
496 0 263 120
159 0 155 6
113 0 101 197
403 0 232 73
64 0 74 204
147 0 242 6
324 0 4 79
172 0 62 226
207 0 125 201
417 0 140 144
114 0 144 32
208 0 32 147
36 523
327 0 202 209
182 0 209 254
333 0 194 43
126 0 46 285
468 0 285 230
51 0 231 240
57 0 245 47
534 0 12 234
65 0 236 224
37 530
290 0 164 285
111 0 280 231
117 0 200 208
365 0 213 271
38 554
515 0 232 66
156 0 98 71
436 0 43 255
537 0 256 20
284 0 83 200
189 0 230 177
399 0 215 32
531 0 21 147
307 0 147 0
318 0 0 189
86 0 188 75
89 0 233 149
39 555
544 0 264 92
513 0 92 85
315 0 29 177
112 0 123 61
470 0 64 76
266 0 23 162
106 0 194 12
154 0 19 182
285 0 181 259
338 0 168 29
383 0 29 69
382 0 101 19
132 0 31 247
387 0 247 100
40 557
94 0 238 236
350 0 236 184
192 0 177 228
53 0 228 111
363 0 110 211
116 0 187 47
358 0 47 1
372 0 1 267
351 0 275 188
312 0 191 60
268 0 95 186
41 558
465 0 267 264
164 0 299 230
319 0 259 126
546 0 125 219
497 0 128 66
437 0 39 146
547 0 183 136
406 0 136 142
122 0 183 46
484 0 46 173
535 0 140 152
416 0 179 13
168 0 13 38
193 0 4 213
42 564
220 0 276 124
334 0 65 295
432 0 285 104
361 0 103 251
143 0 254 248
108 0 249 261
292 0 263 70
43 593
385 0 271 186
98 0 188 239
90 0 241 202
187 0 293 203
317 0 203 278
44 596
529 0 301 192
510 0 6 120
95 0 125 289
395 0 299 81
233 0 49 114
373 0 114 141
457 0 142 234
364 0 204 27
356 0 128 97
322 0 99 66
45 628
353 0 20 51
77 0 52 149
314 0 127 80
238 0 113 243
480 0 268 237
394 0 266 295
225 0 264 258
302 0 289 45
369 0 40 129
87 0 130 49
184 0 16 145
224 0 145 105
234 0 108 91
405 0 63 148
46 662
47 666
48 669
49 697
50 698
